50,273,000
-0.60%
50,278,000
-0.59%
50,278,000
-0.59%
50,269,000
-0.61%
50,269,000
-0.61%
50,257,000
-0.63%
50,254,000
-0.64%
50,200,000
-0.75%
50,200,000
-0.75%
50,266,000
-0.61%
50,266,000
-0.61%
50,279,000
-0.59%
50,270,000
-0.61%
50,272,000
-0.60%
50,272,000
-0.60%
50,272,000
-0.60%
50,237,000
-0.67%
50,276,000
-0.60%
50,276,000
-0.60%
50,276,000
-0.60%
50,279,000
-0.59%
50,247,000
-0.65%
50,280,000
-0.59%
50,319,000
-0.51%
50,326,000
-0.50%
50,334,000
-0.48%
50,334,000
-0.48%
50,331,000
-0.49%
50,340,000
-0.47%
50,340,000
-0.47%
50,342,000
-0.46%
50,342,000
-0.46%
50,340,000
-0.47%
50,353,000
-0.44%
50,358,000
-0.43%
50,380,000
-0.39%
50,395,000
-0.36%
50,383,000
-0.38%
50,343,000
-0.46%
50,336,000
-0.48%
50,360,000
-0.43%
50,331,000
-0.49%
50,322,000
-0.50%
50,316,000
-0.52%
50,330,000
-0.49%
50,274,000
-0.60%
50,286,000
-0.58%
50,328,000
-0.49%
50,324,000
-0.50%
50,246,000
-0.65%
50,254,000
-0.64%
50,260,000
-0.63%
50,298,000
-0.55%
50,266,000
-0.61%
50,298,000
-0.55%
50,265,000
-0.62%
50,299,000
-0.55%
50,347,000
-0.45%
50,346,000
-0.46%
50,336,000
-0.48%
50,311,000
-0.53%
50,300,000
-0.55%
50,225,000
-0.70%
50,146,000
-0.85%
50,092,000
-0.96%
50,119,000
-0.91%
50,040,000
-1.06%
50,127,000
-0.89%
50,133,000
-0.88%
50,176,000
-0.79%
50,291,000
-0.57%
50,299,000
-0.55%
50,297,000
-0.55%
50,297,000
-0.55%
50,280,000
-0.59%
50,245,000
-0.66%
50,267,000
-0.61%
50,268,000
-0.61%
50,229,000
-0.69%
50,229,000
-0.69%
50,290,000
-0.57%
50,331,000
-0.49%
50,286,000
-0.58%
50,256,000
-0.63%
50,257,000
-0.63%
50,200,000
-0.75%
50,161,000
-0.82%
50,144,000
-0.86%
50,133,000
-0.88%
50,169,000
-0.81%
50,144,000
-0.86%
50,143,000
-0.86%
50,135,000
-0.87%
50,170,000
-0.80%
50,165,000
-0.81%
50,164,000
-0.82%
50,136,000
-0.87%
50,119,000
-0.91%
50,071,000
-1.00%
50,056,000
-1.03%
50,051,000
-1.04%
50,060,000
-1.02%
50,099,000
-0.95%
50,152,000
-0.84%
50,165,000
-0.81%
50,166,000
-0.81%
50,172,000
-0.80%
50,144,000
-0.86%
50,142,000
-0.86%
50,104,000
-0.94%
50,103,000
-0.94%
50,089,000
-0.96%
50,105,000
-0.93%
50,130,000
-0.88%
50,110,000
-0.92%
50,110,000
-0.92%
50,095,000
-0.95%
50,080,000
-0.98%
50,050,000
-1.04%
50,048,000
-1.05%
50,049,000
-1.04%
50,043,000
-1.06%
50,052,000
-1.04%
50,023,000
-1.10%
50,024,000
-1.09%
50,038,000
-1.07%
50,066,000
-1.01%
50,070,000
-1.00%
50,072,000
-1.00%
50,079,000
-0.98%
50,008,000
-1.13%
50,050,000
-1.04%
50,048,000
-1.05%
50,012,000
-1.12%
50,055,000
-1.03%
50,079,000
-0.98%
50,056,000
-1.03%
50,089,000
-0.96%
50,123,000
-0.90%
50,123,000
-0.90%
50,127,000
-0.89%
50,123,000
-0.90%
50,166,000
-0.81%
50,228,000
-0.69%
50,225,000
-0.70%
50,201,000
-0.74%
50,223,000
-0.70%
50,167,000
-0.81%
50,159,000
-0.83%
50,191,000
-0.76%
50,197,000
-0.75%
50,242,000
-0.66%
50,249,000
-0.65%
50,270,000
-0.61%
50,366,000
-0.42%
50,400,000
-0.35%
50,417,000
-0.32%
50,458,000
-0.24%
50,421,000
-0.31%
50,445,000
-0.26%
50,479,000
-0.19%
50,481,000
-0.19%
50,672,000
0.19%
50,700,000
0.24%
50,839,000
0.52%
50,799,000
0.44%
50,831,000
0.50%
50,766,000
0.37%
50,831,000
0.50%
50,847,000
0.53%
50,810,000
0.46%
50,948,000
0.73%
50,952,000
0.74%
50,929,000
0.70%
50,930,000
0.70%
50,985,000
0.81%
50,977,000
0.79%
51,050,000
0.94%
51,035,000
0.91%
51,000,000
0.84%
50,835,000
0.51%
50,903,000
0.64%
51,012,000
0.86%
50,975,000
0.79%
50,971,000
0.78%
50,942,000
0.72%
50,903,000
0.64%
51,001,000
0.84%
51,028,000
0.89%
51,050,000
0.94%
51,051,000
0.94%
51,177,000
1.19%
51,260,000
1.35%
51,299,000
1.43%
51,342,000
1.51%
51,299,000
1.43%
51,219,000
1.27%
51,192,000
1.22%
51,198,000
1.23%
51,198,000
1.23%
51,231,000
1.29%
51,225,000
1.28%
51,154,000
1.14%
51,091,000
1.02%
51,000,000
0.84%
50,965,000
0.77%
50,911,000
0.66%
50,809,000
0.46%
50,815,000
0.47%
50,887,000
0.61%
50,879,000
0.60%
50,906,000
0.65%
50,885,000
0.61%
50,910,000
0.66%
50,979,000
0.79%
50,907,000
0.65%
51,009,000
0.85%
51,021,000
0.88%
51,029,000
0.89%
51,060,000
0.95%
51,010,000
0.86%
51,043,000
0.92%
51,001,000
0.84%
50,997,000
0.83%
50,938,000
0.71%
50,925,000
0.69%
51,023,000
0.88%
51,060,000
0.95%
51,066,000
0.97%
51,090,000
1.01%
51,006,000
0.85%
50,998,000
0.83%
51,006,000
0.85%
51,006,000
0.85%
51,035,000
0.91%
51,036,000
0.91%
51,116,000
1.07%
51,117,000
1.07%
51,197,000
1.23%
51,184,000
1.20%
51,232,000
1.30%
51,254,000
1.34%
51,335,000
1.50%
51,223,000
1.28%
51,299,000
1.43%
51,208,000
1.25%
51,315,000
1.46%
51,326,000
1.48%
51,305,000
1.44%
51,350,000
1.53%
51,349,000
1.53%
51,293,000
1.42%
51,331,000
1.49%
51,349,000
1.53%
51,569,000
1.96%
51,635,000
2.09%
51,758,000
2.34%
51,739,000
2.30%
51,715,000
2.25%
51,725,000
2.27%
51,744,000
2.31%
51,713,000
2.25%
51,702,000
2.22%
51,740,000
2.30%
51,785,000
2.39%
51,738,000
2.30%
51,660,000
2.14%
51,663,000
2.15%
51,533,000
1.89%
51,512,000
1.85%
51,525,000
1.87%
51,495,000
1.82%
51,496,000
1.82%
51,587,000
2.00%
51,571,000
1.97%
51,568,000
1.96%
51,523,000
1.87%
51,592,000
2.01%
51,615,000
2.05%
51,599,000
2.02%
51,570,000
1.96%
51,604,000
2.03%
51,525,000
1.87%
51,526,000
1.88%
51,531,000
1.89%
51,562,000
1.95%
51,621,000
2.06%
51,566,000
1.96%
51,533,000
1.89%
51,531,000
1.89%
51,530,000
1.88%
51,450,000
1.73%
51,488,000
1.80%
51,575,000
1.97%
51,564,000
1.95%
51,573,000
1.97%
51,557,000
1.94%
51,587,000
2.00%
51,548,000
1.92%
51,551,000
1.93%
51,507,000
1.84%
51,558,000
1.94%
51,566,000
1.96%
51,594,000
2.01%
51,664,000
2.15%
51,680,000
2.18%
51,563,000
1.95%
51,600,000
2.02%
51,619,000
2.06%
51,619,000
2.06%
51,567,000
1.96%
51,605,000
2.03%
51,548,000
1.92%
51,572,000
1.97%
51,556,000
1.94%
51,440,000
1.71%
51,440,000
1.71%
51,436,000
1.70%
51,432,000
1.69%
51,431,000
1.69%
51,430,000
1.69%
51,420,000
1.67%
51,390,000
1.61%
51,390,000
1.61%
51,439,000
1.70%
51,407,000
1.64%
51,371,000
1.57%
51,316,000
1.46%
51,389,000
1.61%
51,346,000
1.52%
51,380,000
1.59%
51,399,000
1.63%
51,435,000
1.70%
51,434,000
1.69%
51,435,000
1.70%
51,433,000
1.69%
51,491,000
1.81%
51,471,000
1.77%
51,348,000
1.52%
51,285,000
1.40%
51,288,000
1.41%
51,285,000
1.40%
51,240,000
1.31%
51,240,000
1.31%
51,271,000
1.37%
51,284,000
1.40%
51,310,000
1.45%
51,308,000
1.45%
51,233,000
1.30%
51,228,000
1.29%
51,245,000
1.32%
51,212,000
1.26%
51,337,000
1.50%
51,326,000
1.48%
51,338,000
1.50%
51,281,000
1.39%
51,299,000
1.43%
51,330,000
1.49%
51,400,000
1.63%
51,354,000
1.54%
51,321,000
1.47%
51,401,000
1.63%
51,355,000
1.54%
51,400,000
1.63%
51,402,000
1.63%
51,395,000
1.62%
51,392,000
1.61%
51,366,000
1.56%
51,401,000
1.63%
51,422,000
1.67%
51,409,000
1.65%
51,402,000
1.63%
51,379,000
1.59%
51,437,000
1.70%
51,402,000
1.63%
51,419,000
1.66%
51,391,000
1.61%
51,392,000
1.61%
51,352,000
1.53%
51,345,000
1.52%
51,346,000
1.52%
51,260,000
1.35%
51,266,000
1.36%
51,276,000
1.38%
51,288,000
1.41%
51,240,000
1.31%
51,233,000
1.30%
51,224,000
1.28%
51,200,000
1.23%
51,195,000
1.22%
51,353,000
1.53%
51,299,000
1.43%
51,255,000
1.34%
51,254,000
1.34%
51,255,000
1.34%
51,279,000
1.39%
51,336,000
1.50%
51,273,000
1.38%
51,322,000
1.47%
51,304,000
1.44%
51,275,000
1.38%
51,305,000
1.44%
51,315,000
1.46%
51,318,000
1.47%
51,318,000
1.47%
51,313,000
1.46%
51,294,000
1.42%
51,295,000
1.42%
51,309,000
1.45%
51,386,000
1.60%
51,337,000
1.50%
51,371,000
1.57%
51,420,000
1.67%
51,406,000
1.64%
51,440,000
1.71%
51,377,000
1.58%
51,400,000
1.63%
51,430,000
1.69%
51,435,000
1.70%
51,435,000
1.70%
51,414,000
1.65%
51,408,000
1.64%
51,412,000
1.65%
51,483,000
1.79%
51,489,000
1.80%
51,483,000
1.79%
51,527,000
1.88%
51,540,000
1.90%
51,542,000
1.91%
51,577,000
1.98%
51,570,000
1.96%
51,530,000
1.88%
51,541,000
1.91%
51,589,000
2.00%
51,532,000
1.89%
51,521,000
1.87%
51,509,000
1.84%
51,483,000
1.79%
51,495,000
1.82%
51,499,000
1.82%
51,463,000
1.75%
51,494,000
1.81%
51,493,000
1.81%
51,490,000
1.81%
51,531,000
1.89%
51,573,000
1.97%
51,567,000
1.96%
51,561,000
1.95%
51,565,000
1.95%
51,601,000
2.02%
51,618,000
2.06%
51,615,000
2.05%
51,583,000
1.99%
51,619,000
2.06%
51,600,000
2.02%
51,600,000
2.02%
51,621,000
2.06%
51,621,000
2.06%
51,640,000
2.10%
51,662,000
2.15%
51,670,000
2.16%
51,682,000
2.18%
51,699,000
2.22%
51,708,000
2.24%
51,699,000
2.22%
51,758,000
2.34%
51,786,000
2.39%
51,762,000
2.34%
51,714,000
2.25%
51,700,000
2.22%
51,610,000
2.04%
51,659,000
2.14%
51,680,000
2.18%
51,668,000
2.16%
51,606,000
2.03%
51,612,000
2.05%
51,583,000
1.99%
51,612,000
2.05%
51,627,000
2.08%
51,640,000
2.10%
51,640,000
2.10%
51,658,000
2.14%
51,610,000
2.04%
51,614,000
2.05%
51,616,000
2.05%
51,659,000
2.14%
51,650,000
2.12%
51,650,000
2.12%
51,650,000
2.12%
51,658,000
2.14%
51,658,000
2.14%
51,624,000
2.07%
51,624,000
2.07%
51,580,000
1.98%
51,504,000
1.83%
51,546,000
1.92%
51,501,000
1.83%
51,558,000
1.94%
51,468,000
1.76%
51,459,000
1.74%
51,503,000
1.83%
51,480,000
1.79%
51,497,000
1.82%
51,525,000
1.87%
51,444,000
1.71%
51,418,000
1.66%
51,407,000
1.64%
51,359,000
1.55%
51,411,000
1.65%
51,362,000
1.55%
51,401,000
1.63%
51,371,000
1.57%
51,401,000
1.63%
51,371,000
1.57%
51,384,000
1.60%
51,417,000
1.66%
51,407,000
1.64%
51,405,000
1.64%
51,462,000
1.75%
51,449,000
1.72%
51,437,000
1.70%
51,413,000
1.65%
51,393,000
1.61%
51,362,000
1.55%
51,399,000
1.63%
51,393,000
1.61%
51,423,000
1.67%
51,488,000
1.80%
51,444,000
1.71%
51,415,000
1.66%
51,481,000
1.79%
51,478,000
1.78%
51,504,000
1.83%
51,558,000
1.94%
51,561,000
1.95%
51,598,000
2.02%
51,604,000
2.03%
51,619,000
2.06%
51,576,000
1.98%
51,569,000
1.96%
51,568,000
1.96%
51,531,000
1.89%
51,582,000
1.99%
51,581,000
1.99%
51,580,000
1.98%
51,545,000
1.91%
51,578,000
1.98%
51,583,000
1.99%
51,635,000
2.09%
51,642,000
2.11%
51,642,000
2.11%
51,633,000
2.09%
51,590,000
2.00%
51,591,000
2.00%
51,629,000
2.08%
51,592,000
2.01%
51,598,000
2.02%
51,598,000
2.02%
51,598,000
2.02%
51,588,000
2.00%
51,614,000
2.05%
51,605,000
2.03%
51,672,000
2.17%
51,718,000
2.26%
51,718,000
2.26%
51,715,000
2.25%
51,663,000
2.15%
51,693,000
2.21%
51,660,000
2.14%
51,679,000
2.18%
51,694,000
2.21%
51,659,000
2.14%
51,700,000
2.22%
51,741,000
2.30%
51,703,000
2.23%
51,703,000
2.23%
51,699,000
2.22%
51,698,000
2.22%
51,687,000
2.19%
51,695,000
2.21%
51,695,000
2.21%
51,694,000
2.21%
51,671,000
2.16%
51,672,000
2.17%
51,694,000
2.21%
51,694,000
2.21%
51,676,000
2.17%
51,677,000
2.17%
51,677,000
2.17%
51,699,000
2.22%
51,677,000
2.17%
51,685,000
2.19%
51,726,000
2.27%
51,752,000
2.32%
51,699,000
2.22%
51,731,000
2.28%
51,701,000
2.22%
51,704,000
2.23%
51,704,000
2.23%
51,704,000
2.23%
51,710,000
2.24%
51,692,000
2.20%
51,685,000
2.19%
51,671,000
2.16%
51,669,000
2.16%
51,670,000
2.16%
51,731,000
2.28%
51,735,000
2.29%
51,749,000
2.32%
51,773,000
2.36%
51,760,000
2.34%
51,751,000
2.32%
51,739,000
2.30%
51,734,000
2.29%
51,710,000
2.24%
51,663,000
2.15%
51,642,000
2.11%
51,642,000
2.11%
51,620,000
2.06%
51,679,000
2.18%
51,605,000
2.03%
51,646,000
2.11%
51,650,000
2.12%
51,666,000
2.15%
51,667,000
2.16%
51,689,000
2.20%
51,686,000
2.19%
51,724,000
2.27%
51,683,000
2.19%
51,723,000
2.27%
51,748,000
2.32%
51,731,000
2.28%
51,730,000
2.28%
51,679,000
2.18%
51,719,000
2.26%
51,679,000
2.18%
51,679,000
2.18%
51,705,000
2.23%
51,722,000
2.26%
51,740,000
2.30%
51,774,000
2.37%
51,773,000
2.36%
51,746,000
2.31%
51,747,000
2.31%
51,725,000
2.27%
51,745,000
2.31%
51,739,000
2.30%
51,733,000
2.29%
51,747,000
2.31%
51,764,000
2.35%
51,795,000
2.41%
51,773,000
2.36%
51,778,000
2.37%
51,788,000
2.39%
51,826,000
2.47%
51,800,000
2.42%
51,799,000
2.42%
51,824,000
2.47%
51,815,000
2.45%
51,846,000
2.51%
51,833,000
2.48%
51,841,000
2.50%
51,946,000
2.71%
51,853,000
2.52%
51,859,000
2.53%
51,859,000
2.53%
51,889,000
2.59%
51,871,000
2.56%
51,874,000
2.56%
51,878,000
2.57%
51,899,000
2.61%
51,884,000
2.58%
51,866,000
2.55%
51,879,000
2.57%
51,891,000
2.60%
51,868,000
2.55%
51,868,000
2.55%
51,868,000
2.55%
51,863,000
2.54%
51,793,000
2.40%
51,792,000
2.40%
51,792,000
2.40%
51,786,000
2.39%
51,777,000
2.37%
51,768,000
2.35%
51,802,000
2.42%
51,848,000
2.51%
51,871,000
2.56%
51,844,000
2.51%
51,842,000
2.50%
51,813,000
2.44%
51,668,000
2.16%
51,666,000
2.15%
51,684,000
2.19%
51,600,000
2.02%
51,630,000
2.08%
51,612,000
2.05%
51,628,000
2.08%
51,674,000
2.17%
51,673,000
2.17%
51,676,000
2.17%
51,709,000
2.24%
51,700,000
2.22%
51,688,000
2.20%
51,677,000
2.17%
51,641,000
2.10%
51,661,000
2.14%
51,662,000
2.15%
51,700,000
2.22%
51,692,000
2.20%
51,697,000
2.21%
51,687,000
2.19%
51,673,000
2.17%
51,640,000
2.10%
51,640,000
2.10%
51,641,000
2.10%
51,638,000
2.10%
51,638,000
2.10%
51,641,000
2.10%
51,641,000
2.10%
51,670,000
2.16%
51,668,000
2.16%
51,640,000
2.10%
51,672,000
2.17%
51,674,000
2.17%
51,665,000
2.15%
51,671,000
2.16%
51,675,000
2.17%
51,665,000
2.15%
51,668,000
2.16%
51,633,000
2.09%
51,628,000
2.08%
51,626,000
2.07%
51,624,000
2.07%
51,638,000
2.10%
51,656,000
2.13%
51,649,000
2.12%
51,654,000
2.13%
51,646,000
2.11%
51,645,000
2.11%
51,668,000
2.16%
51,665,000
2.15%
51,648,000
2.12%
51,700,000
0.00%
51,643,000
-0.11%
51,643,000
-0.11%
51,644,000
-0.11%
51,642,000
-0.11%
51,699,000
-0.00%
51,700,000
0.00%
51,791,000
0.18%
51,787,000
0.17%
51,687,000
-0.03%
51,694,000
-0.01%
51,695,000
-0.01%
51,744,000
0.09%
51,713,000
0.03%
51,712,000
0.02%
51,735,000
0.07%
51,712,000
0.02%
51,700,000
0.00%
51,687,000
-0.03%
51,622,000
-0.15%
51,604,000
-0.19%
51,597,000
-0.20%
51,606,000
-0.18%
51,619,000
-0.16%
51,642,000
-0.11%
51,642,000
-0.11%
51,648,000
-0.10%
51,679,000
-0.04%
51,686,000
-0.03%
51,662,000
-0.07%
51,661,000
-0.08%
51,666,000
-0.07%
51,668,000
-0.06%
51,663,000
-0.07%
51,649,000
-0.10%
51,651,000
-0.09%
51,647,000
-0.10%
51,635,000
-0.13%
51,603,000
-0.19%
51,601,000
-0.19%
51,594,000
-0.21%
51,584,000
-0.22%
51,564,000
-0.26%
51,550,000
-0.29%
51,609,000
-0.18%
51,612,000
-0.17%
51,538,000
-0.31%
51,538,000
-0.31%
51,529,000
-0.33%
51,532,000
-0.32%
51,542,000
-0.31%
51,570,000
-0.25%
51,538,000
-0.31%
51,550,000
-0.29%
51,557,000
-0.28%
51,561,000
-0.27%
51,563,000
-0.26%
51,565,000
-0.26%
51,561,000
-0.27%
51,612,000
-0.17%
51,612,000
-0.17%
51,590,000
-0.21%
51,591,000
-0.21%
51,583,000
-0.23%
51,582,000
-0.23%
51,610,000
-0.17%
51,587,000
-0.22%
51,630,000
-0.14%
51,650,000
-0.10%
51,597,000
-0.20%
51,614,000
-0.17%
51,655,000
-0.09%
51,652,000
-0.09%
51,659,000
-0.08%
51,622,000
-0.15%
51,637,000
-0.12%
51,700,000
0.00%
51,669,000
-0.06%
51,700,000
0.00%
51,706,000
0.01%
51,699,000
-0.00%
51,700,000
0.00%
51,709,000
0.02%
51,710,000
0.02%
51,710,000
0.02%
51,700,000
0.00%
51,674,000
-0.05%
51,712,000
0.02%
51,710,000
0.02%
51,710,000
0.02%
51,710,000
0.02%
51,723,000
0.04%
51,723,000
0.04%
51,713,000
0.03%
51,713,000
0.03%
51,726,000
0.05%
51,722,000
0.04%
51,740,000
0.08%
51,748,000
0.09%
51,731,000
0.06%
51,719,000
0.04%
51,754,000
0.10%
51,727,000
0.05%
51,730,000
0.06%
51,751,000
0.10%
51,804,000
0.20%
51,818,000
0.23%
51,808,000
0.21%
51,832,000
0.26%
51,838,000
0.27%
51,838,000
0.27%
51,881,000
0.35%
51,889,000
0.37%
51,888,000
0.36%
51,937,000
0.46%
51,915,000
0.42%
51,939,000
0.46%
51,917,000
0.42%
51,917,000
0.42%
51,905,000
0.40%
51,896,000
0.38%
51,890,000
0.37%
51,890,000
0.37%
51,890,000
0.37%
51,891,000
0.37%
51,893,000
0.37%
51,903,000
0.39%
51,903,000
0.39%
51,895,000
0.38%
51,895,000
0.38%
51,850,000
0.29%
51,880,000
0.35%
51,880,000
0.35%
51,880,000
0.35%
51,915,000
0.42%
51,918,000
0.42%
51,934,000
0.45%
51,910,000
0.41%
51,850,000
0.29%
51,881,000
0.35%
51,922,000
0.43%
51,920,000
0.43%
51,919,000
0.42%
51,851,000
0.29%
51,849,000
0.29%
51,840,000
0.27%
51,823,000
0.24%
51,800,000
0.19%
51,777,000
0.15%
51,845,000
0.28%
51,893,000
0.37%
51,891,000
0.37%
51,869,000
0.33%
51,873,000
0.33%
51,875,000
0.34%
51,885,000
0.36%
51,874,000
0.34%
51,885,000
0.36%
51,885,000
0.36%
51,850,000
0.29%
51,835,000
0.26%
51,764,000
0.12%
51,771,000
0.14%
51,810,000
0.21%
51,811,000
0.21%
51,811,000
0.21%
51,830,000
0.25%
51,829,000
0.25%
51,790,000
0.17%
51,790,000
0.17%
51,791,000
0.18%
51,827,000
0.25%
51,832,000
0.26%
51,875,000
0.34%
51,804,000
0.20%
51,796,000
0.19%
51,787,000
0.17%
51,778,000
0.15%
51,734,000
0.07%
51,785,000
0.16%
51,800,000
0.19%
51,796,000
0.19%
51,779,000
0.15%
51,738,000
0.07%
51,738,000
0.07%
51,734,000
0.07%
51,720,000
0.04%
51,722,000
0.04%
51,712,000
0.02%
51,740,000
0.08%
51,713,000
0.03%
51,740,000
0.08%
51,739,000
0.08%
51,739,000
0.08%
51,738,000
0.07%
51,757,000
0.11%
51,757,000
0.11%
51,733,000
0.06%
51,710,000
0.02%
51,706,000
0.01%
51,706,000
0.01%
51,700,000
0.00%
51,672,000
-0.05%
51,651,000
-0.09%
51,645,000
-0.11%
51,633,000
-0.13%
51,622,000
-0.15%
51,618,000
-0.16%
51,639,000
-0.12%
51,661,000
-0.08%
51,680,000
-0.04%
51,681,000
-0.04%
51,690,000
-0.02%
51,674,000
-0.05%
51,665,000
-0.07%
51,669,000
-0.06%
51,680,000
-0.04%
51,724,000
0.05%
51,679,000
-0.04%
51,677,000
-0.04%
51,678,000
-0.04%
51,695,000
-0.01%
51,700,000
0.00%
51,679,000
-0.04%
51,709,000
0.02%
51,701,000
0.00%
51,709,000
0.02%
51,749,000
0.09%
51,747,000
0.09%
51,741,000
0.08%
51,734,000
0.07%
51,714,000
0.03%
51,696,000
-0.01%
51,709,000
0.02%
51,736,000
0.07%
51,718,000
0.03%
51,732,000
0.06%
51,701,000
0.00%
51,725,000
0.05%
51,710,000
0.02%
51,710,000
0.02%
51,750,000
0.10%
51,774,000
0.14%
51,772,000
0.14%
51,718,000
0.03%
51,716,000
0.03%
51,716,000
0.03%
51,754,000
0.10%
51,758,000
0.11%
51,756,000
0.11%
51,769,000
0.13%
51,775,000
0.15%
51,743,000
0.08%
51,770,000
0.14%
51,769,000
0.13%
51,769,000
0.13%
51,727,000
0.05%
51,769,000
0.13%
51,735,000
0.07%
51,739,000
0.08%
51,775,000
0.15%
51,755,000
0.11%
51,757,000
0.11%
51,754,000
0.10%
51,741,000
0.08%
51,771,000
0.14%
51,739,000
0.08%
51,710,000
0.02%
51,681,000
-0.04%
51,700,000
0.00%
51,669,000
-0.06%
51,650,000
-0.10%
51,625,000
-0.15%
51,625,000
-0.15%
51,606,000
-0.18%
51,601,000
-0.19%
51,620,000
-0.15%
51,626,000
-0.14%
51,642,000
-0.11%
51,641,000
-0.11%
51,649,000
-0.10%
51,670,000
-0.06%
51,670,000
-0.06%
51,705,000
0.01%
51,706,000
0.01%
51,729,000
0.06%
51,705,000
0.01%
51,705,000
0.01%
51,742,000
0.08%
51,697,000
-0.01%
51,730,000
0.06%
51,697,000
-0.01%
51,731,000
0.06%
51,735,000
0.07%
51,739,000
0.08%
51,731,000
0.06%
51,757,000
0.11%
51,770,000
0.14%
51,776,000
0.15%
51,741,000
0.08%
51,740,000
0.08%
51,750,000
0.10%
51,740,000
0.08%
51,738,000
0.07%
51,754,000
0.10%
51,784,000
0.16%
51,745,000
0.09%
51,740,000
0.08%
51,776,000
0.15%
51,744,000
0.09%
51,741,000
0.08%
51,739,000
0.08%
51,742,000
0.08%
51,730,000
0.06%
51,726,000
0.05%
51,700,000
0.00%
51,688,000
-0.02%
51,684,000
-0.03%
51,698,000
-0.00%
51,684,000
-0.03%
51,682,000
-0.03%
51,683,000
-0.03%
51,680,000
-0.04%
51,683,000
-0.03%
51,698,000
-0.00%
51,676,000
-0.05%
51,656,000
-0.09%
51,643,000
-0.11%
51,633,000
-0.13%
51,603,000
-0.19%
51,603,000
-0.19%
51,598,000
-0.20%
51,630,000
-0.14%
51,590,000
-0.21%
51,629,000
-0.14%
51,644,000
-0.11%
51,684,000
-0.03%
51,647,000
-0.10%
51,683,000
-0.03%
51,649,000
-0.10%
51,651,000
-0.09%
51,649,000
-0.10%
51,651,000
-0.09%
51,645,000
-0.11%
51,650,000
-0.10%
51,632,000
-0.13%
51,634,000
-0.13%
51,623,000
-0.15%
51,603,000
-0.19%
51,603,000
-0.19%
51,590,000
-0.21%
51,601,000
-0.19%
51,572,000
-0.25%
51,599,000
-0.20%
51,570,000
-0.25%
51,597,000
-0.20%
51,598,000
-0.20%
51,588,000
-0.22%
51,570,000
-0.25%
51,570,000
-0.25%
51,568,000
-0.26%
51,544,000
-0.30%
51,535,000
-0.32%
51,568,000
-0.26%
51,502,000
-0.38%
51,530,000
-0.33%
51,532,000
-0.32%
51,519,000
-0.35%
51,503,000
-0.38%
51,463,000
-0.46%
51,438,000
-0.51%
51,426,000
-0.53%
51,430,000
-0.52%
51,406,000
-0.57%
51,431,000
-0.52%
51,409,000
-0.56%
51,414,000
-0.55%
51,494,000
-0.40%
51,437,000
-0.51%
51,478,000
-0.43%
51,440,000
-0.50%
51,439,000
-0.50%
51,441,000
-0.50%
51,473,000
-0.44%
51,440,000
-0.50%
51,440,000
-0.50%
51,466,000
-0.45%
51,476,000
-0.43%
51,444,000
-0.50%
51,477,000
-0.43%
51,494,000
-0.40%
51,443,000
-0.50%
51,493,000
-0.40%
51,445,000
-0.49%
51,461,000
-0.46%
51,466,000
-0.45%
51,471,000
-0.44%
51,499,000
-0.39%
51,499,000
-0.39%
51,507,000
-0.37%
51,509,000
-0.37%
51,550,000
-0.29%
51,515,000
-0.36%
51,510,000
-0.37%
51,511,000
-0.37%
51,510,000
-0.37%
51,506,000
-0.38%
51,463,000
-0.46%
51,468,000
-0.45%
51,485,000
-0.42%
51,535,000
-0.32%
51,498,000
-0.39%
51,501,000
-0.38%
51,532,000
-0.32%
51,500,000
-0.39%
51,507,000
-0.37%
51,569,000
-0.25%
51,568,000
-0.26%
51,629,000
-0.14%
51,627,000
-0.14%
51,630,000
-0.14%
51,650,000
-0.10%
51,675,000
-0.05%
51,670,000
-0.06%
51,636,000
-0.12%
51,674,000
-0.05%
51,673,000
-0.05%
51,688,000
-0.02%
51,678,000
-0.04%
51,681,000
-0.04%
51,650,000
-0.10%
51,637,000
-0.12%
51,638,000
-0.12%
51,636,000
-0.12%
51,599,000
-0.20%
51,634,000
-0.13%
51,634,000
-0.13%
51,615,000
-0.16%
51,637,000
-0.12%
51,693,000
-0.01%
51,702,000
0.00%
51,704,000
0.01%
51,708,000
0.02%
51,704,000
0.01%
51,705,000
0.01%
51,683,000
-0.03%
51,675,000
-0.05%
51,664,000
-0.07%
51,629,000
-0.14%
51,629,000
-0.14%
51,623,000
-0.15%
51,619,000
-0.16%
51,588,000
-0.22%
51,589,000
-0.21%
51,587,000
-0.22%
51,600,000
-0.19%
51,649,000
-0.10%
51,639,000
-0.12%
51,649,000
-0.10%
51,649,000
-0.10%
51,646,000
-0.10%
51,607,000
-0.18%
51,611,000
-0.17%
51,630,000
-0.14%
51,674,000
-0.05%
51,695,000
-0.01%
51,675,000
-0.05%
51,701,000
0.00%
51,700,000
0.00%
51,674,000
-0.05%
51,623,000
-0.15%
51,630,000
-0.14%
51,639,000
-0.12%
51,621,000
-0.15%
51,579,000
-0.23%
51,600,000
-0.19%
51,622,000
-0.15%
51,565,000
-0.26%
51,574,000
-0.24%
51,574,000
-0.24%
51,559,000
-0.27%
51,532,000
-0.32%
51,540,000
-0.31%
51,522,000
-0.34%
51,539,000
-0.31%
51,503,000
-0.38%
51,560,000
-0.27%
51,560,000
-0.27%
51,558,000
-0.27%
51,538,000
-0.31%
51,559,000
-0.27%
51,572,000
-0.25%
51,640,000
-0.12%
51,624,000
-0.15%
51,606,000
-0.18%
51,576,000
-0.24%
51,599,000
-0.20%
51,572,000
-0.25%
51,591,000
-0.21%
51,592,000
-0.21%
51,608,000
-0.18%
51,606,000
-0.18%
51,606,000
-0.18%
51,605,000
-0.18%
51,595,000
-0.20%
51,576,000
-0.24%
51,574,000
-0.24%
51,586,000
-0.22%
51,578,000
-0.24%
51,518,000
-0.35%
51,566,000
-0.26%
51,520,000
-0.35%
51,555,000
-0.28%
51,522,000
-0.34%
51,523,000
-0.34%
51,574,000
-0.24%
51,571,000
-0.25%
51,594,000
-0.21%
51,541,000
-0.31%
51,533,000
-0.32%
51,531,000
-0.33%
51,530,000
-0.33%
51,530,000
-0.33%
51,510,000
-0.37%
51,548,000
-0.29%
51,570,000
-0.25%
51,584,000
-0.22%
51,616,000
-0.16%
51,573,000
-0.25%
51,570,000
-0.25%
51,560,000
-0.27%
51,518,000
-0.35%
51,522,000
-0.34%
51,520,000
-0.35%
51,522,000
-0.34%
51,495,000
-0.40%
51,520,000
-0.35%
51,506,000
-0.38%
51,463,000
-0.46%
51,447,000
-0.49%
51,448,000
-0.49%
51,520,000
-0.35%
51,541,000
-0.31%
51,545,000
-0.30%
51,559,000
-0.27%
51,530,000
-0.33%
51,562,000
-0.27%
51,600,000
-0.19%
51,640,000
-0.12%
51,651,000
-0.09%
51,600,000
-0.19%
51,677,000
-0.04%
51,621,000
-0.15%
51,650,000
-0.10%
51,654,000
-0.09%
51,619,000
-0.16%
51,601,000
-0.19%
51,651,000
-0.09%
51,635,000
-0.13%
51,629,000
-0.14%
51,629,000
-0.14%
51,700,000
0.00%
51,713,000
0.03%
51,719,000
0.04%
51,706,000
0.01%
51,707,000
0.01%
51,705,000
0.01%
51,696,000
-0.01%
51,711,000
0.02%
51,716,000
0.03%
51,705,000
0.01%
51,698,000
-0.00%
51,697,000
-0.01%
51,698,000
-0.00%
51,722,000
0.04%
51,704,000
0.01%
51,729,000
0.06%
51,723,000
0.04%
51,700,000
0.00%
51,682,000
-0.03%
51,676,000
-0.05%
51,673,000
-0.05%
51,703,000
0.01%
51,690,000
-0.02%
51,642,000
-0.11%
51,629,000
-0.14%
51,626,000
-0.14%
51,652,000
-0.09%
51,657,000
-0.08%
51,609,000
-0.18%
51,597,000
-0.20%
51,646,000
-0.10%
51,599,000
-0.20%
51,645,000
-0.11%
51,640,000
-0.12%
51,600,000
-0.19%
51,619,000
-0.16%
51,625,000
-0.15%
51,602,000
-0.19%
51,602,000
-0.19%
51,583,000
-0.23%
51,575,000
-0.24%
51,569,000
-0.25%
51,522,000
-0.34%
51,559,000
-0.27%
51,521,000
-0.35%
51,554,000
-0.28%
51,520,000
-0.35%
51,520,000
-0.35%
51,510,000
-0.37%
51,499,000
-0.39%
51,480,000
-0.43%
